243.153
168.348
239.475
194.504
75.9956
62.8567
237.393
104.462
55.7744
242.234
106.232
224.976
159.593
93.4204
119.706
73.5031
196.723
248.047
72.1657
55.0753
210.386
163.211
217.506
170.718
25.9099
6.02301
4.46519
107.593
132.092
32.9011
94.2183
189.45
230.387
241.763
73.4347
51.5113
128.901
211.427
87.6526
245.539
62.8871
163.233
53.1907
153.081
138.407
171.121
190.476
151.842
214.178
49.1632
22.9158
167.93
167.147
80.0535
82.3105
69.0044
113.824
133.278
227.803
7.31486
34.8312
75.4485
64.4602
191.244
117.821
17.8396
99.5376
186.601
21.1604
66.2308
158.264
214.315
116.598
110.283
171.516
63.6547
174.222
64.6729
106.042
79.5976
41.8756
102.904
165.597
92.6073
23.5997
51.2605
25.7275
2.32984
30.9785
222.765
222.529
124.554
192.064
119.554
225.075
32.8859
248.86
22.6271
46.9442
229.467
